{
  "asset": {
    "version": "2.0",
    "generator": "THREE.GLTFExporter r172"
  },
  "scenes": [
    {
      "name": "AuxScene",
      "nodes": [
        44
      ]
    }
  ],
  "scene": 0,
  "nodes": [
    {
      "matrix": [
        1,
        0,
        0,
        0,
        0,
        -4.3711390285139367e-8,
        -0.9999999999999991,
        0,
        0,
        0.9999999999999991,
        -4.3711390285139367e-8,
        0,
        0,
        0,
        0,
        1
      ],
      "name": "7_m3c00tga_01_16_16",
      "extras": {
        "originalName": "7_m3c00.tga_0.1_16_16",
        "transformData": {
          "inheritType": 1,
          "eulerOrder": "ZYX",
          "rotation": [
            -90.00000250447816,
            0,
            0
          ],
          "parentMatrix": {
            "elements": [
              0.3278728632632947,
              0,
              0,
              0,
              0,
              0.3278728632632947,
              0,
              0,
              0,
              0,
              0.3278728632632947,
              0,
              0.00014391166656435583,
              -0.4530316799761973,
              0.07585112869247698,
              1
            ]
          },
          "parentMatrixWorld": {
            "elements": [
              0.3278728632632947,
              0,
              0,
              0,
              0,
              0.3278728632632947,
              0,
              0,
              0,
              0,
              0.3278728632632947,
              0,
              0.00014391166656435583,
              -0.4530316799761973,
              0.07585112869247698,
              1
            ]
          }
        }
      },
      "mesh": 0,
      "skin": 0
    },
    {
      "matrix": [
        1,
        1.0658141062871282e-14,
        -2.5757174174612354e-14,
        0,
        -1.0658141062871286e-14,
        1.0000000000000002,
        1.372679608428039e-28,
        0,
        2.5757174174612354e-14,
        1.372556348911598e-28,
        1,
        0,
        5.46229728115577e-14,
        0.05750114470720313,
        5.5879354698973316e-8,
        1
      ],
      "name": "head_jaw",
      "extras": {
        "originalName": "head jaw",
        "transformData": {
          "inheritType": 1,
          "eulerOrder": "ZYX",
          "translation": [
            5.46229728115577e-14,
            0.05750114470720291,
            5.587935447692871e-8
          ],
          "rotation": [
            7.864521685613851e-27,
            1.4757773721990718e-12,
            6.106664988409952e-13
          ],
          "parentMatrix": {
            "elements": [
              0.9999999999999917,
              1.0672211203654982e-7,
              -7.553022385309302e-8,
              0,
              -4.1853794387989906e-8,
              0.8085864927187985,
              0.5883772298308508,
              0,
              1.2386558682436535e-7,
              -0.5883772649008603,
              0.8085865409143094,
              0,
              -4.662936716660547e-15,
              0.16094337403774261,
              5.21540644005114e-8,
              1
            ]
          },
          "parentMatrixWorld": {
            "elements": [
              0.32787286326329207,
              1.708824832203356e-8,
              -4.142257208441542e-8,
              0,
              2.9091324484178766e-8,
              0.14935262930303295,
              0.29187907660087237,
              0,
              3.408117509477743e-8,
              -0.29188070812378747,
              0.14935149233779124,
              0,
              0.00014393986899804086,
              0.2349434436225615,
              0.10346243883088246,
              1
            ]
          }
        }
      }
    },
    {
      "matrix": [
        0.9999999999999917,
        1.0672211203654982e-7,
        -7.553022385309302e-8,
        0,
        -4.1853794387989906e-8,
        0.8085864927187985,
        0.5883772298308508,
        0,
        1.2386558682436535e-7,
        -0.5883772649008603,
        0.8085865409143094,
        0,
        -4.662936716660547e-15,
        0.16094337403774261,
        5.21540644005114e-8,
        1
      ],
      "name": "head_neck_upper",
      "extras": {
        "originalName": "head neck upper",
        "transformData": {
          "inheritType": 1,
          "eulerOrder": "ZYX",
          "translation": [
            -4.6629367034256575e-15,
            0.16094337403774261,
            5.21540641784668e-8
          ],
          "rotation": [
            36.041938363295145,
            0.000004327563052460571,
            0.000006114726600416652
          ],
          "scale": [
            1,
            0.9999999403953552,
            1
          ],
          "parentMatrix": {
            "elements": [
              1.0000000000000002,
              3.0688245278298684e-9,
              -3.0954425689344883e-9,
              0,
              -2.9188297406945133e-9,
              0.9988786015586014,
              0.0473448978067671,
              0,
              3.237264528119251e-9,
              -0.04734489780676709,
              0.9988786015586014,
              0,
              5.593067120557293e-10,
              0.3313434422016144,
              -0.006772165186703094,
              1
            ]
          },
          "parentMatrixWorld": {
            "elements": [
              0.3278728632632922,
              -2.5316701855759883e-8,
              -3.5139310157399336e-8,
              0,
              3.846155069740629e-8,
              0.292500505825926,
              0.14813448441064966,
              0,
              1.9909943675128057e-8,
              -0.14813511536856214,
              0.2924986295782249,
              0,
              0.00014393367886679137,
              0.18786743303303893,
              0.07962115984349877,
              1
            ]
          }
        }
      },
      "children": [
        1
      ]
    },
    {
      "matrix": [
        1.0000000000000002,
        3.0688245278298684e-9,
        -3.0954425689344883e-9,
        0,
        -2.9188297406945133e-9,
        0.9988786015586014,
        0.0473448978067671,
        0,
        3.237264528119251e-9,
        -0.04734489780676709,
        0.9988786015586014,
        0,
        5.593067120557293e-10,
        0.3313434422016144,
        -0.006772165186703094,
        1
      ],
      "name": "head_neck_lower",
      "extras": {
        "originalName": "head neck lower",
        "transformData": {
          "inheritType": 1,
          "eulerOrder": "ZYX",
          "translation": [
            5.593067120557293e-10,
            0.3313434422016144,
            -0.006772165186703205
          ],
          "rotation": [
            2.7136772728152017,
            1.7735579492507789e-7,
            1.758306935108787e-7
          ],
          "parentMatrix": {
            "elements": [
              1,
              2.3439143959080896e-8,
              -1.673261529333557e-8,
              0,
              -1.6334409396127022e-8,
              0.9401487930565072,
              0.3407640352283485,
              0,
              2.3718366764227673e-8,
              -0.3407640555394685,
              0.9401488490937451,
              0,
              -6.938894168605024e-16,
              0.3050451874732969,
              -7.450580624679404e-9,
              1
            ]
          },
          "parentMatrixWorld": {
            "elements": [
              0.32787286326329207,
              -2.6650013585684274e-8,
              -3.46247940580625e-8,
              0,
              3.8481970010555206e-8,
              0.2991859381133026,
              0.13412004890471352,
              0,
              2.069366326443729e-8,
              -0.13412059032431514,
              0.29918403409698496,
              0,
              0.0001439208848777982,
              0.08782584764764371,
              0.03720748487129115,
              1
            ]
          }
        }
      },
      "children": [
        2
      ]
    },
    {
      "matrix": [
        0.9955906696528695,
        0.08558458134466893,
        -0.03839763960092333,
        0,
        -0.08614723595127545,
        0.9961943339582366,
        -0.013243244246577933,
        0,
        0.03711809349332154,
        0.01649270092649976,
        0.9991746591727622,
        0,
        -0.005908809602260631,
        0.22611914575099945,
        -0.000908639281988366,
        1
      ],
      "name": "yubi3-r",
      "extras": {
        "originalName": "yubi3-r",
        "transformData": {
          "inheritType": 1,
          "eulerOrder": "ZYX",
          "translation": [
            -0.00590880960226059,
            0.22611914575099945,
            -0.0009086392819881439
          ],
          "rotation": [
            -0.7593642635835918,
            2.2005637937296365,
            4.913273954447047
          ],
          "scale": [
            0.9999999403953552,
            0.9999999403953552,
            0.9999998807907104
          ],
          "parentMatrix": {
            "elements": [
              0.9551668158033393,
              -0.2927214248219076,
              -0.04439055573365318,
              0,
              0.26884861235105684,
              0.9203445130521737,
              -0.28405330788847233,
              0,
              0.12400310080245477,
              0.25938396976424205,
              0.9577803439310706,
              0,
              -1.601874829448846e-7,
              0.978039085865021,
              -3.352761279717953e-8,
              1
            ]
          },
          "parentMatrixWorld": {
            "elements": [
              0.14745579434773548,
              0.09113729312719364,
              -0.2782990726671236,
              0,
              -0.2783011673616114,
              0.1405822912666475,
              -0.1014175893079302,
              0,
              0.09113652893754376,
              0.28183537775048734,
              0.14058221925341047,
              0,
              -0.5229105880461636,
              0.29520901843961206,
              0.05512805360478794,
              1
            ]
          }
        }
      }
    },
    {
      "matrix": [
        0.2847371967848873,
        -0.9487398292332774,
        0.137175897208409,
        0,
        -0.20887847649567637,
        0.07825572826881774,
        0.9748053474525701,
        0,
        -0.9355716259080525,
        -0.3062164892211584,
        -0.17588904487280452,
        0,
        -0.04214461520314233,
        0.17357811331749007,
        0.19668331742286682,
        1
      ],
      "name": "tume-r",
      "extras": {
        "originalName": "tume-r",
        "transformData": {
          "inheritType": 1,
          "eulerOrder": "ZYX",
          "translation": [
            -0.042144615203142166,
            0.17357811331748962,
            0.19668331742286682
          ],
          "rotation": [
            100.22811516392387,
            -7.884461311802776,
            -73.29437066262415
          ],
          "scale": [
            0.9999998807907104,
            0.9999998211860657,
            0.9999998807907104
          ],
          "parentMatrix": {
            "elements": [
              0.9551668158033393,
              -0.2927214248219076,
              -0.04439055573365318,
              0,
              0.26884861235105684,
              0.9203445130521737,
              -0.28405330788847233,
              0,
              0.12400310080245477,
              0.25938396976424205,
              0.9577803439310706,
              0,
              -1.601874829448846e-7,
              0.978039085865021,
              -3.352761279717953e-8,
              1
            ]
          },
          "parentMatrixWorld": {
            "elements": [
              0.14745579434773548,
              0.09113729312719364,
              -0.2782990726671236,
              0,
              -0.2783011673616114,
              0.1405822912666475,
              -0.1014175893079302,
              0,
              0.09113652893754376,
              0.28183537775048734,
              0.14058221925341047,
              0,
              -0.5229105880461636,
              0.29520901843961206,
              0.05512805360478794,
              1
            ]
          }
        }
      }
    },
    {
      "matrix": [
        0.1850342676370248,
        -0.7886299058912907,
        0.5863657849040033,
        0,
        0.212179124292815,
        -0.5505362678187079,
        -0.8073966560455157,
        0,
        0.9595530656408459,
        0.2738107093021136,
        0.06546274720910195,
        0,
        0.014724552631378021,
        0.11958365142345428,
        -0.05603047087788604,
        1
      ],
      "name": "maku2-r",
      "extras": {
        "originalName": "maku2-r",
        "transformData": {
          "inheritType": 1,
          "eulerOrder": "ZYX",
          "translation": [
            0.014724552631378174,
            0.11958365142345428,
            -0.05603047087788582
          ],
          "rotation": [
            -85.36466730349234,
            -35.89954257947872,
            -76.79567589533441
          ],
          "scale": [
            0.9999998211860657,
            0.9999997615814209,
            0.9999998807907104
          ],
          "parentMatrix": {
            "elements": [
              0.9551668158033393,
              -0.2927214248219076,
              -0.04439055573365318,
              0,
              0.26884861235105684,
              0.9203445130521737,
              -0.28405330788847233,
              0,
              0.12400310080245477,
              0.25938396976424205,
              0.9577803439310706,
              0,
              -1.601874829448846e-7,
              0.978039085865021,
              -3.352761279717953e-8,
              1
            ]
          },
          "parentMatrixWorld": {
            "elements": [
              0.14745579434773548,
              0.09113729312719364,
              -0.2782990726671236,
              0,
              -0.2783011673616114,
              0.1405822912666475,
              -0.1014175893079302,
              0,
              0.09113652893754376,
              0.28183537775048734,
              0.14058221925341047,
              0,
              -0.5229105880461636,
              0.29520901843961206,
              0.05512805360478794,
              1
            ]
          }
        }
      }
    },
    {
      "matrix": [
        -0.3605725291865471,
        -0.27959865058470623,
        0.8898382132653262,
        0,
        0.07701867036141304,
        -0.9596806168990142,
        -0.2703351970328746,
        0,
        0.9295457863374735,
        -0.028941287974780773,
        0.3675687616406539,
        0,
        0.00905946642160406,
        0.044905696064234224,
        -0.031798459589481576,
        1
      ],
      "name": "maku1-r",
      "extras": {
        "originalName": "maku1-r",
        "transformData": {
          "inheritType": 1,
          "eulerOrder": "ZYX",
          "translation": [
            0.009059466421604156,
            0.04490569606423378,
            -0.031798459589481354
          ],
          "rotation": [
            -36.33330398800413,
            -62.85292387464225,
            -142.20893716149095
          ],
          "scale": [
            1,
            0.9999999403953552,
            0.9999998807907104
          ],
          "parentMatrix": {
            "elements": [
              0.9551668158033393,
              -0.2927214248219076,
              -0.04439055573365318,
              0,
              0.26884861235105684,
              0.9203445130521737,
              -0.28405330788847233,
              0,
              0.12400310080245477,
              0.25938396976424205,
              0.9577803439310706,
              0,
              -1.601874829448846e-7,
              0.978039085865021,
              -3.352761279717953e-8,
              1
            ]
          },
          "parentMatrixWorld": {
            "elements": [
              0.14745579434773548,
              0.09113729312719364,
              -0.2782990726671236,
              0,
              -0.2783011673616114,
              0.1405822912666475,
              -0.1014175893079302,
              0,
              0.09113652893754376,
              0.28183537775048734,
              0.14058221925341047,
              0,
              -0.5229105880461636,
              0.29520901843961206,
              0.05512805360478794,
              1
            ]
          }
        }
      }
    },
    {
      "matrix": [
        0.9089987386858506,
        -0.350756745935955,
        -0.2251460855297902,
        0,
        0.13099982930538265,
        0.7532346590337988,
        -0.6445746457493591,
        0,
        0.3956767873910409,
        0.5564235075327199,
        0.73063851594041,
        0,
        0.008958153426646923,
        0.20929652452468916,
        -0.04407749325037025,
        1
      ],
      "name": "maku3-r",
      "extras": {
        "originalName": "maku3-r",
        "transformData": {
          "inheritType": 1,
          "eulerOrder": "ZYX",
          "translation": [
            0.008958153426647186,
            0.20929652452468872,
            -0.044077493250370026
          ],
          "rotation": [
            -41.418974051536416,
            13.011470241512917,
            -21.100182384029402
          ],
          "scale": [
            0.9999998807907104,
            0.9999999403953552,
            0.9999999403953552
          ],
          "parentMatrix": {
            "elements": [
              0.9551668158033393,
              -0.2927214248219076,
              -0.04439055573365318,
              0,
              0.26884861235105684,
              0.9203445130521737,
              -0.28405330788847233,
              0,
              0.12400310080245477,
              0.25938396976424205,
              0.9577803439310706,
              0,
              -1.601874829448846e-7,
              0.978039085865021,
              -3.352761279717953e-8,
              1
            ]
          },
          "parentMatrixWorld": {
            "elements": [
              0.14745579434773548,
              0.09113729312719364,
              -0.2782990726671236,
              0,
              -0.2783011673616114,
              0.1405822912666475,
              -0.1014175893079302,
              0,
              0.09113652893754376,
              0.28183537775048734,
              0.14058221925341047,
              0,
              -0.5229105880461636,
              0.29520901843961206,
              0.05512805360478794,
              1
            ]
          }
        }
      }
    },
    {
      "matrix": [
        0.6384954968870353,
        -0.7695799611556267,
        0.008377579762799958,
        0,
        0.1406662420721368,
        0.10599047660349864,
        -0.9843672627639442,
        0,
        0.7566613310683687,
        0.6296924696880881,
        0.17592835264787937,
        0,
        0.006967142224311829,
        0.16303828358650252,
        -0.04875453934073448,
        1
      ],
      "name": "yubi2-r",
      "extras": {
        "originalName": "yubi2-r",
        "transformData": {
          "inheritType": 1,
          "eulerOrder": "ZYX",
          "translation": [
            0.006967142224311829,
            0.16303828358650208,
            -0.04875453934073448
          ],
          "rotation": [
            -79.86695241790069,
            -0.48000557782695635,
            -50.318608087225485
          ],
          "scale": [
            1,
            0.9999999403953552,
            0.9999998807907104
          ],
          "parentMatrix": {
            "elements": [
              0.9551668158033393,
              -0.2927214248219076,
              -0.04439055573365318,
              0,
              0.26884861235105684,
              0.9203445130521737,
              -0.28405330788847233,
              0,
              0.12400310080245477,
              0.25938396976424205,
              0.9577803439310706,
              0,
              -1.601874829448846e-7,
              0.978039085865021,
              -3.352761279717953e-8,
              1
            ]
          },
          "parentMatrixWorld": {
            "elements": [
              0.14745579434773548,
              0.09113729312719364,
              -0.2782990726671236,
              0,
              -0.2783011673616114,
              0.1405822912666475,
              -0.1014175893079302,
              0,
              0.09113652893754376,
              0.28183537775048734,
              0.14058221925341047,
              0,
              -0.5229105880461636,
              0.29520901843961206,
              0.05512805360478794,
              1
            ]
          }
        }
      }
    },
    {
      "matrix": [
        0.024732437690638272,
        -0.6232819434219826,
        0.7816058387137534,
        0,
        0.03936451934545603,
        -0.7806314939925578,
        -0.6237505799551315,
        0,
        0.9989187858940376,
        0.046194418772014134,
        0.005228275269875793,
        0,
        0.004308573901653165,
        0.07234861701726913,
        -0.06826968491077445,
        1
      ],
      "name": "yubi1-r",
      "extras": {
        "originalName": "yubi1-r",
        "transformData": {
          "inheritType": 1,
          "eulerOrder": "ZYX",
          "translation": [
            0.00430857390165329,
            0.07234861701726913,
            -0.06826968491077423
          ],
          "rotation": [
            -89.51975824355623,
            -51.40784909001868,
            -87.72763954874995
          ],
          "scale": [
            0.9999998807907104,
            0.9999999403953552,
            1
          ],
          "parentMatrix": {
            "elements": [
              0.9551668158033393,
              -0.2927214248219076,
              -0.04439055573365318,
              0,
              0.26884861235105684,
              0.9203445130521737,
              -0.28405330788847233,
              0,
              0.12400310080245477,
              0.25938396976424205,
              0.9577803439310706,
              0,
              -1.601874829448846e-7,
              0.978039085865021,
              -3.352761279717953e-8,
              1
            ]
          },
          "parentMatrixWorld": {
            "elements": [
              0.14745579434773548,
              0.09113729312719364,
              -0.2782990726671236,
              0,
              -0.2783011673616114,
              0.1405822912666475,
              -0.1014175893079302,
              0,
              0.09113652893754376,
              0.28183537775048734,
              0.14058221925341047,
              0,
              -0.5229105880461636,
              0.29520901843961206,
              0.05512805360478794,
              1
            ]
          }
        }
      }
    },
    {
      "matrix": [
        0.9276089511790101,
        -0.2105973432431704,
        0.3085290169383257,
        0,
        0.036860227600431526,
        0.8735041842919755,
        0.48541879446290354,
        0,
        -0.3717293843724963,
        -0.43890647367208396,
        0.8180331612798437,
        0,
        0.004036441445350508,
        0.2534401714801793,
        0.05315463244914986,
        1
      ],
      "name": "yubi4-r",
      "extras": {
        "originalName": "yubi4-r",
        "transformData": {
          "inheritType": 1,
          "eulerOrder": "ZYX",
          "translation": [
            0.004036441445350647,
            0.25344017148017883,
            0.053154632449150085
          ],
          "rotation": [
            30.684788770822365,
            -17.970606781802484,
            -12.79117529643885
          ],
          "scale": [
            0.9999998807907104,
            0.9999998211860657,
            0.9999999403953552
          ],
          "parentMatrix": {
            "elements": [
              0.9551668158033393,
              -0.2927214248219076,
              -0.04439055573365318,
              0,
              0.26884861235105684,
              0.9203445130521737,
              -0.28405330788847233,
              0,
              0.12400310080245477,
              0.25938396976424205,
              0.9577803439310706,
              0,
              -1.601874829448846e-7,
              0.978039085865021,
              -3.352761279717953e-8,
              1
            ]
          },
          "parentMatrixWorld": {
            "elements": [
              0.14745579434773548,
              0.09113729312719364,
              -0.2782990726671236,
              0,
              -0.2783011673616114,
              0.1405822912666475,
              -0.1014175893079302,
              0,
              0.09113652893754376,
              0.28183537775048734,
              0.14058221925341047,
              0,
              -0.5229105880461636,
              0.29520901843961206,
              0.05512805360478794,
              1
            ]
          }
        }
      }
    },
    {
      "matrix": [
        0.9551668158033393,
        -0.2927214248219076,
        -0.04439055573365318,
        0,
        0.26884861235105684,
        0.9203445130521737,
        -0.28405330788847233,
        0,
        0.12400310080245477,
        0.25938396976424205,
        0.9577803439310706,
        0,
        -1.601874829448846e-7,
        0.978039085865021,
        -3.352761279717953e-8,
        1
      ],
      "name": "te-r",
      "extras": {
        "originalName": "te-r",
        "transformData": {
          "inheritType": 1,
          "eulerOrder": "ZYX",
          "translation": [
            -1.601874828338623e-7,
            0.9780390858650208,
            -3.3527612686157227e-8
          ],
          "rotation": [
            -16.519019120898232,
            2.5442275365831786,
            -17.03826205443365
          ],
          "scale": [
            1,
            0.9999999403953552,
            1
          ],
          "parentMatrix": {
            "elements": [
              0.8410679078078116,
              -0.16267280324086114,
              0.5158898463253089,
              0,
              -0.19270184999476575,
              0.8010351686241365,
              0.5667527288296869,
              0,
              -0.5054411651858064,
              -0.5760904596615551,
              0.6423776232268315,
              0,
              -7.450580638557192e-9,
              0.473616272211075,
              -6.984918865526879e-9,
              1
            ]
          },
          "parentMatrixWorld": {
            "elements": [
              0.07732520216331305,
              0.15979513726785657,
              -0.2756553893791496,
              0,
              -0.2756570984440651,
              0.1758098966256764,
              0.024589742212528954,
              0,
              0.1597955079753077,
              0.22595788031862699,
              0.17580874195815233,
              0,
              -0.2533071537276347,
              0.12326010103082082,
              0.031078286347494048,
              1
            ]
          }
        }
      },
      "children": [
        4,
        5,
        6,
        7,
        8,
        9,
        10,
        11
      ]
    },
    {
      "matrix": [
        0.8410679078078116,
        -0.16267280324086114,
        0.5158898463253089,
        0,
        -0.19270184999476575,
        0.8010351686241365,
        0.5667527288296869,
        0,
        -0.5054411651858064,
        -0.5760904596615551,
        0.6423776232268315,
        0,
        -7.450580638557192e-9,
        0.473616272211075,
        -6.984918865526879e-9,
        1
      ],
      "name": "arm_right_elbow",
      "extras": {
        "originalName": "arm right elbow",
        "transformData": {
          "inheritType": 1,
          "eulerOrder": "ZYX",
          "translation": [
            -7.450580596923828e-9,
            0.47361627221107483,
            -6.984919309616089e-9
          ],
          "rotation": [
            41.42110507055746,
            -31.05695211831802,
            -10.946541838425274
          ],
          "parentMatrix": {
            "elements": [
              0.9510225170715002,
              -0.13412706481545136,
              -0.27850670242867304,
              0,
              0.03395408387705476,
              0.9408359125785567,
              -0.3371569168521655,
              0,
              0.30725099349191975,
              0.31118739832644227,
              0.8993103529437222,
              0,
              -3.166496742590397e-8,
              0.25451722741127003,
              -2.644956114128405e-7,
              1
            ]
          },
          "parentMatrixWorld": {
            "elements": [
              0.037388151096177075,
              -0.013688744858579932,
              -0.3254443658214969,
              0,
              -0.32544640537300085,
              -0.01533659187118823,
              -0.036742855748797126,
              0,
              -0.013689067487840142,
              0.3272277135849657,
              -0.015335911163806143,
              0,
              -0.09917044022743322,
              0.1305237626849456,
              0.048480298185759024,
              1
            ]
          }
        }
      },
      "children": [
        12
      ]
    },
    {
      "matrix": [
        0.9510225170715002,
        -0.13412706481545136,
        -0.27850670242867304,
        0,
        0.03395408387705476,
        0.9408359125785567,
        -0.3371569168521655,
        0,
        0.30725099349191975,
        0.31118739832644227,
        0.8993103529437222,
        0,
        -3.166496742590397e-8,
        0.25451722741127003,
        -2.644956114128405e-7,
        1
      ],
      "name": "arm_right_shoulder_2",
      "extras": {
        "originalName": "arm right shoulder 2",
        "transformData": {
          "inheritType": 1,
          "eulerOrder": "ZYX",
          "translation": [
            -3.166496753692627e-8,
            0.25451722741127014,
            -2.644956111907959e-7
          ],
          "rotation": [
            -20.551327165347395,
            16.17110123740883,
            -8.027739897569427
          ],
          "scale": [
            0.9999999403953552,
            0.9999999403953552,
            0.9999999403953552
          ],
          "parentMatrix": {
            "elements": [
              0.061916646268950895,
              -0.15144824174004914,
              -0.9865240792746287,
              0,
              -0.9621605650190869,
              0.25373010170805477,
              -0.09933942333215769,
              0,
              0.2653556359709223,
              0.9553453294548293,
              -0.13000740888851034,
              0,
              -0.05801859870553018,
              0.06831885129213333,
              0.003386011580005288,
              1
            ]
          },
          "parentMatrixWorld": {
            "elements": [
              0.020300761853037565,
              0.08700200595077838,
              -0.3154645015037566,
              0,
              -0.31546633166349725,
              0.0892359662484862,
              0.004309557546910571,
              0,
              0.0870029462220789,
              0.30326255197003554,
              0.08923481206572637,
              0,
              -0.018878800496115344,
              0.107811754936545,
              0.047383455160593044,
              1
            ]
          }
        }
      },
      "children": [
        13
      ]
    },
    {
      "matrix": [
        0.061916646268950895,
        -0.15144824174004914,
        -0.9865240792746287,
        0,
        -0.9621605650190869,
        0.25373010170805477,
        -0.09933942333215769,
        0,
        0.2653556359709223,
        0.9553453294548293,
        -0.13000740888851034,
        0,
        -0.05801859870553018,
        0.06831885129213333,
        0.003386011580005288,
        1
      ],
      "name": "arm_right_shoulder_1",
      "extras": {
        "originalName": "arm right shoulder 1",
        "transformData": {
          "inheritType": 1,
          "eulerOrder": "ZYX",
          "translation": [
            -0.05801859870553017,
            0.06831885129213333,
            0.003386011580005288
          ],
          "rotation": [
            37.38365730875786,
            99.41685261506645,
            112.23623659277744
          ],
          "scale": [
            1,
            1.0000001192092896,
            1.0000001192092896
          ],
          "parentMatrix": {
            "elements": [
              1,
              2.3439143959080896e-8,
              -1.673261529333557e-8,
              0,
              -1.6334409396127022e-8,
              0.9401487930565072,
              0.3407640352283485,
              0,
              2.3718366764227673e-8,
              -0.3407640555394685,
              0.9401488490937451,
              0,
              -6.938894168605024e-16,
              0.3050451874732969,
              -7.450580624679404e-9,
              1
            ]
          },
          "parentMatrixWorld": {
            "elements": [
              0.32787286326329207,
              -2.6650013585684274e-8,
              -3.46247940580625e-8,
              0,
              3.8481970010555206e-8,
              0.2991859381133026,
              0.13412004890471352,
              0,
              2.069366326443729e-8,
              -0.13412059032431514,
              0.29918403409698496,
              0,
              0.0001439208848777982,
              0.08782584764764371,
              0.03720748487129115,
              1
            ]
          }
        }
      },
      "children": [
        14
      ]
    },
    {
      "matrix": [
        0.9276099770660219,
        0.21059445114571534,
        -0.3085280998303453,
        0,
        -0.036859430063135835,
        0.8735061579775398,
        0.4854156717605414,
        0,
        0.3717270420828558,
        -0.43890425023107466,
        0.8180354186122646,
        0,
        -0.004036318510770829,
        0.2534403502941127,
        0.05315421149134636,
        1
      ],
      "name": "yubi4-l",
      "extras": {
        "originalName": "yubi4-l",
        "transformData": {
          "inheritType": 1,
          "eulerOrder": "ZYX",
          "translation": [
            -0.004036318510770798,
            0.25344035029411316,
            0.05315421149134636
          ],
          "rotation": [
            30.684553129296,
            17.97055043274183,
            12.790991735104905
          ],
          "scale": [
            0.9999999403953552,
            1,
            0.9999999403953552
          ],
          "parentMatrix": {
            "elements": [
              0.9551669682500914,
              0.2927210667249437,
              0.044388294065600416,
              0,
              -0.2688494624282636,
              0.9203456897754627,
              -0.2840489004797616,
              0,
              -0.12399967227024423,
              0.2593803581083815,
              0.9577817036752968,
              0,
              5.5879354587951013e-8,
              0.9780389666557308,
              1.0803341876641781e-7,
              1
            ]
          },
          "parentMatrixWorld": {
            "elements": [
              0.14745555011654005,
              -0.09113778068165365,
              0.2782990372079479,
              0,
              0.27830119842538137,
              0.14058269955979635,
              -0.10141701298979314,
              0,
              -0.09113685686634898,
              0.2818349998538801,
              0.1405827205241524,
              0,
              0.5231988156852398,
              0.29520799378745444,
              0.055127878955609624,
              1
            ]
          }
        }
      }
    },
    {
      "matrix": [
        0.024746378529705317,
        0.6232900621132436,
        -0.7815989232349086,
        0,
        -0.039356977629194455,
        -0.7806247558934126,
        -0.6237592974620966,
        0,
        -0.9989185589960401,
        0.046197160530309665,
        0.0052131779535521065,
        0,
        -0.004307787865400318,
        0.07234904170036272,
        -0.06827105581760406,
        1
      ],
      "name": "yubi1-l",
      "extras": {
        "originalName": "yubi1-l",
        "transformData": {
          "inheritType": 1,
          "eulerOrder": "ZYX",
          "translation": [
            -0.004307787865400314,
            0.07234904170036316,
            -0.06827105581760406
          ],
          "rotation": [
            -89.52115160214692,
            51.40721388242587,
            87.72638962413183
          ],
          "scale": [
            0.9999998807907104,
            0.9999998211860657,
            0.9999998211860657
          ],
          "parentMatrix": {
            "elements": [
              0.9551669682500914,
              0.2927210667249437,
              0.044388294065600416,
              0,
              -0.2688494624282636,
              0.9203456897754627,
              -0.2840489004797616,
              0,
              -0.12399967227024423,
              0.2593803581083815,
              0.9577817036752968,
              0,
              5.5879354587951013e-8,
              0.9780389666557308,
              1.0803341876641781e-7,
              1
            ]
          },
          "parentMatrixWorld": {
            "elements": [
              0.14745555011654005,
              -0.09113778068165365,
              0.2782990372079479,
              0,
              0.27830119842538137,
              0.14058269955979635,
              -0.10141701298979314,
              0,
              -0.09113685686634898,
              0.2818349998538801,
              0.1405827205241524,
              0,
              0.5231988156852398,
              0.29520799378745444,
              0.055127878955609624,
              1
            ]
          }
        }
      }
    },
    {
      "matrix": [
        0.6384914330118102,
        0.7695832773316367,
        -0.00838267391840114,
        0,
        -0.1406653011059822,
        0.10598196972752738,
        -0.9843682526061434,
        0,
        -0.7566649336483964,
        0.6296898475686331,
        0.17592224315672655,
        0,
        -0.0069670341908933155,
        0.16303813457489014,
        -0.04875487834215142,
        1
      ],
      "name": "yubi2-l",
      "extras": {
        "originalName": "yubi2-l",
        "transformData": {
          "inheritType": 1,
          "eulerOrder": "ZYX",
          "translation": [
            -0.006967034190893173,
            0.16303813457489014,
            -0.04875487834215164
          ],
          "rotation": [
            -79.86730758773753,
            0.4802974616922686,
            50.31890861554896
          ],
          "scale": [
            1,
            0.9999998807907104,
            0.9999998807907104
          ],
          "parentMatrix": {
            "elements": [
              0.9551669682500914,
              0.2927210667249437,
              0.044388294065600416,
              0,
              -0.2688494624282636,
              0.9203456897754627,
              -0.2840489004797616,
              0,
              -0.12399967227024423,
              0.2593803581083815,
              0.9577817036752968,
              0,
              5.5879354587951013e-8,
              0.9780389666557308,
              1.0803341876641781e-7,
              1
            ]
          },
          "parentMatrixWorld": {
            "elements": [
              0.14745555011654005,
